best_loss: 2.1478925943374634
current_epoch: 188
current_lr: 1.0000000000000002e-06
